Candidate,Mamdani,Cuomo,Lander,Adams,Stringer,Myrie
Mamdani,0,131008,300704,385695,439056,514777
Cuomo,-131008,0,-87334,-7580,253900,103843
Lander,-300704,87334,0,340051,437422,502558
Adams,-385695,7580,-340051,0,307699,285788
Stringer,-439056,-253900,-437422,-307699,0,-84900
Myrie,-514777,-103843,-502558,-285788,84900,0
